-0.22222222222222232 
0.22222222222222232 
-0.6666666666666667 
-0.22222222222222232 
0.22222222222222232 
0.6666666666666665 
-0.6666666666666667 
-0.22222222222222232 
0.22222222222222232 
0.6666666666666665 
-0.22222222222222232 
0.22222222222222232 
-0.22222222222222232 
0.22222222222222232 
-0.6666666666666667 
-0.22222222222222232 
0.22222222222222232 
0.6666666666666665 
-1.1111111111111112 
0.6666666666666665 
1.1111111111111107 
-1.1111111111111112 
-0.6666666666666667 
-0.22222222222222232 
0.6666666666666665 
1.1111111111111107 
-0.6666666666666667 
-0.22222222222222232 
0.22222222222222232 
0.6666666666666665 
-0.22222222222222232 
0.22222222222222232 
-0.6666666666666667 
-0.22222222222222232 
0.22222222222222232 
0.6666666666666665 
-1.1111111111111112 
0.6666666666666665 
1.1111111111111107 
-1.1111111111111112 
-0.6666666666666667 
1.1111111111111107 
-1.1111111111111112 
-0.6666666666666667 
1.1111111111111107 
-1.1111111111111112 
-0.6666666666666667 
-0.22222222222222232 
0.6666666666666665 
1.1111111111111107 
-0.6666666666666667 
-0.22222222222222232 
0.22222222222222232 
0.6666666666666665 
-0.6666666666666667 
-0.22222222222222232 
0.22222222222222232 
0.6666666666666665 
-1.1111111111111112 
0.6666666666666665 
1.1111111111111107 
-1.1111111111111112 
-0.6666666666666667 
1.1111111111111107 
-1.1111111111111112 
-0.6666666666666667 
1.1111111111111107 
-1.1111111111111112 
-0.6666666666666667 
-0.22222222222222232 
0.6666666666666665 
1.1111111111111107 
-0.6666666666666667 
-0.22222222222222232 
0.22222222222222232 
0.6666666666666665 
-0.22222222222222232 
0.22222222222222232 
-0.6666666666666667 
-0.22222222222222232 
0.22222222222222232 
0.6666666666666665 
-1.1111111111111112 
0.6666666666666665 
1.1111111111111107 
-1.1111111111111112 
-0.6666666666666667 
-0.22222222222222232 
0.6666666666666665 
1.1111111111111107 
-0.6666666666666667 
-0.22222222222222232 
0.22222222222222232 
0.6666666666666665 
-0.22222222222222232 
0.22222222222222232 
-0.22222222222222232 
0.22222222222222232 
-0.6666666666666667 
-0.22222222222222232 
0.22222222222222232 
0.6666666666666665 
-0.6666666666666667 
-0.22222222222222232 
0.22222222222222232 
0.6666666666666665 
-0.22222222222222232 
0.22222222222222232 
